960101
960102
960103
960104
960105
960106
960107
960108
960109
960110
960111
960112
960113
960114
960115
960116
960117
960118
960119
960120
960121
960122
960123
960124
960125
960126
960127
960128
960129
960130
960131
960201
960202
960203
960204
960205
960206
960207
960208
960209
960210
960211
960212
960213
960214
960215
960216
960217
960218
960219
960220
960221
960222
960223
960224
960225
960226
960227
960228
960229
960301
960302
960303
960304
960305
960306
960307
960308
960309
960310
960311
960312
960313
960314
960315
960316
960317
960318
960319
960320
960321
960322
960323
960324
960325
960326
960327
960328
960329
960330
960331
960401
960402
960403
960404
960405
960406
960407
960408
960409
960410
960411
960412
960413
960414
960415
960416
960417
960418
960419
960420
960421
960422
960423
960424
960425
960426
960427
960428
960429
960430
960501
960502
960503
960504
960505
960506
960507
960508
960509
960510
960511
960512
960513
960514
960515
960516
960517
960518
960519
960520
960521
960522
960523
960524
960525
960526
960527
960528
960529
960530
960531
960601
960602
960603
960604
960605
960606
960607
960608
960609
960610
960611
960612
960613
960614
960615
960616
960617
960618
960619
960620
960621
960622
960623
960624
960625
960626
960627
960628
960629
960630
960701
960702
960703
960704
960705
960706
960707
960708
960709
960710
960711
960712
960713
960714
960715
960716
960717
960718
960719
960720
960721
960722
960723
960724
960725
960726
960727
960728
960729
960730
960731
960801
960802
960803
960804
960805
960806
960807
960808
960809
960810
960811
960812
960813
960814
960815
960816
960817
960818
960819
960820
960821
960822
960823
960824
960825
960826
960827
960828
960829
960830
960831
960901
960902
960903
960904
960905
960906
960907
960908
960909
960910
960911
960912
960913
960914
960915
960916
960917
960918
960919
960920
960921
960922
960923
960924
960925
960926
960927
960928
960929
960930
961001
961002
961003
961004
961005
961006
961007
961008
961009
961010
961011
961012
961013
961014
961015
961016
961017
961018
961019
961020
961021
961022
961023
961024
961025
961026
961027
961028
961029
961030
961031
961101
961102
961103
961104
961105
961106
961107
961108
961109
961110
961111
961112
961113
961114
961115
961116
961117
961118
961119
961120
961121
961122
961123
961124
961125
961126
961127
961128
961129
961130
961201
961202
961203
961204
961205
961206
961207
961208
961209
961210
961211
961212
961213
961214
961215
961216
961217
961218
961219
961220
961221
961222
961223
961224
961225
961226
961227
961228
961229
961230
961231
