1300062
1300164
1300285
1300334
1300425
1300452
1300602
1300691
1300788
1301184
1301186
1301222
1301288
1301338
1301585
1301651
1301945
1302042
1302063
1302288
1302562
1302584
1302656
1302720
1303074
1303075
1303099
1303385
1303395
1303454
1303983
1304468
1304884
1305291
1305833
1305840
1305880
1306003
1306088
1306415
1306547
1306571
1306594
1306720
1306723
1306789
1306980
1306987
1307006
1307206
1307251
1307380
1307461
1307487
1307606
1307701
1307829
1308114
1308159
1308360
1308442
1308572
1308677
1308780
1308913
1308998
1309072
1309085
1309181
1309198
1309213
1309241
1309257
1309288
1309314
1309344
1309749
1309769
1309815
1309830
1310102
1310138
1310155
1310585
1310598
1310731
1311033
1311052
1311152
1311225
1311237
1311518
1311837
1311884
1312120
1312202
1312362
1312380
1312501
1312735
1312737
1313209
1313217
1313380
1313829
1313843
1313867
1313928
1313974
1314059
1314487
1314591
1314811
1315053
1315192
1315613
1316401
1316581
1317119
1317300
1317344
1317582
1317742
1318408
1318411
1318443
1318510
1318535
1318563
1318573
1318611
1318625
1318646
1318672
1318732
1318751
1318782
1318813
1318938
1319013
1319023
1319044
1319174
1319228
1319241
1319285
1319290
1319322
1319334
1319387
1319418
1319637
1319683
1319722
1319802
1319965
1320014
1320045
1320113
1320140
1320157
1320190
1320215
1320290
1320301
1320379
1320382
1320398
1320427
1320525
1320570
1320573
1320594
1320632
1320691
1320708
1320857
1320858
1320882
1320902
1320915
1321005
1321053
1321061
1321068
1321134
1321167
1321174
1321179
1321260
1321267
1321280
1321295
1321334
1321351
1321367
1321398
1321454
1321470
1321507
1321531
1321653
1321659
1321669
1321727
1321736
1321759
1321776
1321788
1321800
1321814
1321890
1321909
1321921
1321929
1321998
1322038
1322127
1322162
1322187
1322339
1322344
1322373
1322389
1322500
1322573
1322622
1322664
1322732
1322782
1322825
1322904
1322957
1322958
1322964
1322983
1322992
1323014
1323041
1323081
1323123
1323132
1323237
1323251
1323280
1323283
1323291
1323316
1323391
1323445
1323446
1323461
1323478
1323485
1323540
1323579
1323613
1323638
1323644
1323669
1323689
1323753
1323838
1323915
1323932
1323991
1324034
1324105
1324128
1324162
1324183
1324190
1324206
1324248
1324259
1324327
1324379
1324427
1324428
1324486
1324614
1324651
1324676
1324685
1324709
1324714
1324733
1324762
1324825
1324888
1324902
1324981
1325001
1325048
1325074
1325078
1325094
1325181
1325218
1325255
1325267
1325270
1325283
1325333
1325342
1325395
1325429
1325465
1325478
1325525
1325546
1325555
1325581
1325613
1325685
1325729
1325777
1325810
1325812
1325916
1325930
1325960
1325972
1325986
1325994
1326032
1326044
1326075
1326124
1326141
1326148
1326155
1326166
1326175
1326241
1326262
1326270
1326327
1326361
1326377
1326381
1326388
1326426
1326463
1326492
1326510
1326563
1326575
1326583
1326588
1326614
1326627
1326661
1326743
1326821
1326910
1326924
1326946
1327006
1327024
1327033
1327036
1327067
1327073
1327117
1327120
1327141
1327156
1327182
1327209
1327256
1327366
1327385
1327411
1327422
1327424
1327429
1327431
1327456
1327590
1327664
1327671
1327691
1327743
1327883
1327912
1328024
1328050
1328115
1328116
1328131
1328140
1328198
1328215
1328313
1328384
1328394
1328517
1328537
1328539
1328576
1328596
1328629
1328730
1328808
1328810
1328823
1328917
1328945
1328951
1329006
1329047
1329048
1329077
1329101
1329109
1329129
1329130
1329195
1329210
1329326
1329341
1329353
1329356
1329397
1329438
1329450
1329451
1329474
1329511
1329534
1329538
1329548
1329550
1329554
1329583
1329606
1329641
1329642
1329643
1329669
1329688
1329698
1329746
1329856
1329924
1329935
1329938
1329961
1330006
1330100
1330179
1330205
1330221
1330291
1330338
1330341
1330351
1330371
1330406
1330441
1330483
1330518
1330618
1330620
1330655
1330659
1330668
1330728
1330750
1330768
1330779
1330788
1330819
1330838
1330898
1330928
1330969
1330993
1331009
1331055
1331056
1331105
1331122
1331124
1331149
1331177
1331238
1331246
1331274
1331392
1331395
1331431
1331433
1331435
1331447
1331742
1331748
1331825
1332032
1332058
1332104
1332115
1332190
1332222
1332245
1332263
1332277
1332297
1332350
1332382
1332387
1332388
1332414
1332418
1332510
1332576
1332585
1332674
1332800
1332801
1332866
1332886
1332972
1333018
1333026
1333033
1333181
1333269
1333270
1333272
1333315
1333321
1333389
1333412
1333443
1333488
1333552
1333597
1333601
1333647
1333667
1333712
1333714
1333777
1333811
1333869
1333910
1333914
1333938
1333952
1334092
1334128
1334170
1334172
1334196
1334217
1334318
1334340
1334372
1334401
1334420
1334468
1334509
1334543
1334556
1334563
1334567
1334585
1334591
1334680
1334683
1334706
1334712
1334751
1334801
1334848
1334916
1334992
1335001
1335027
1335114
1335175
1335185
1335197
1335252
1335281
1335347
1335404
1335406
1335425
1335450
1335511
1335513
1335539
1335577
1335581
1335688
1335718
1335746
1335748
1335761
1335771
1335790
1335803
1335841
1335847
1335906
1335915
1335949
1335969
1335995
1336022
1336040
1336066
1336330
1336331
1336502
1336510
1336657
1336856
1336862
1336866
1336869
1336871
1336891
1337020
1337040
1337097
1337111
1337120
1337163
1337227
1337258
1337276
1337280
1337313
1337331
1337362
1337402
1337421
1337468
1337471
1337504
1337536
1337537
1337561
1337565
1337623
1337639
1337747
1337757
1337815
1337845
1337898
1337923
1337927
1337939
1337969
1338005
1338075
1338083
1338124
1338126
1338152
1338155
1338201
1338206
1338269
1338279
1338286
1338309
1338327
1338350
1338363
1338375
1338384
1338397
1338405
1338409
1338510
1338515
1338516
1338812
1338857
1338867
1339185
1339231
1339233
1339243
1339244
1339293
1339297
1339395
1339419
1339423
1339442
1339469
1339488
1339505
1339525
1339526
1339558
1339574
1339626
1339638
1339658
1339673
1339721
1339737
1339758
1339802
1339813
1339814
1339839
1339856
1339874
1339898
1339901
1339916
1339950
1339984
1339987
1340036
1340042
1340104
1340181
1340245
1340377
1340453
1340576
1340577
1340586
1340637
1340687
1340725
1340728
1340738
1340757
1340789
1340790
1340795
1340800
1340824
1340878
1340894
1340903
1340918
1340920
1340922
1340929
1340953
1340999
1341023
1341024
1341040
1341042
1341167
1341237
1341257
1341304
1341307
1341310
1341327
1341333
1341356
1341362
1341391
1341392
1341415
1341463
1341584
1341586
1341655
1341910
1342068
1342075
1342174
1342193
1342248
1342264
1342311
1342319
1342411
1342457
1342526
1342546
1342553
1342564
1342576
1342578
1342605
1342611
1342619
1342630
1342634
1342678
1342798
1342802
1342844
1342859
1342906
1343093
1343202
1343245
1343251
1343339
1343425
1343606
1343612
1343646
1343825
1343836
1343928
1343978
1343983
1343994
1343999
1344014
1344016
1344031
1344060
1344220
1344242
1344351
1344356
1344373
1344390
1344428
1344521
1344641
1344652
1344666
1344691
1344696
1344716
1344718
1344723
1344733
1344737
1344738
1344742
1344897
1344925
1344954
1345041
1345062
1345137
1345169
1345215
1345226
1345237
1345290
1345293
1345307
1345316
1345372
1345386
1345463
1345479
1345609
1345677
1345678
1345687
1345695
1345703
1345751
1345756
1345799
1345807
1345862
1345964
1345985
1346174
1346180
1346184
1346187
1346237
1346249
1346255
1346267
1346284
1346305
1346329
1346353
1346364
1346391
1346420
1346429
1346465
1346551
1346605
1346651
1346696
1346702
1346731
1346841
1346847
1346870
1346916
1346921
1346923
1346932
1346937
1347028
1347042
1347089
1347192
1347222
1347246
1347281
1347318
1347319
1347328
1347330
1347344
1347347
1347375
1347380
1347383
1347392
1347459
1347502
1347537
1347580
1347627
1347828
1347858
1347912
1348122
1348141
1348203
1348266
1348297
1348315
1348322
1348332
1348384
1348395
1348408
1348422
1348425
1348461
1348469
1348499
1348507
1348564
1348586
1348587
1348637
1348648
1348679
1348732
1348794
1348796
1348831
1348863
1348874
1348877
1348891
1348897
1348960
1348984
1349004
1349006
1349036
1349095
1349113
1349143
1349181
1349247
1349253
1349306
1349371
1349374
1349380
1349412
1349430
1349451
1349785
1349901
1350016
1350058
1350156
1350224
1350255
1350284
1350296
1350355
1350429
1350475
1350584
1350617
1350636
1350683
1350698
1350734
1350757
1350761
1350809
1350811
1350871
1350965
1350981
1351053
1351072
1351088
1351117
1351125
1351181
1351209
1351308
1351407
1351448
1351459
1351485
1351490
1351492
1351500
1351550
1351565
1351626
1351766
1352109
1352327
1352354
1352400
1352458
1352471
1352493
1352526
1352538
1352582
1352626
1352627
1352656
1352706
1352836
1352880
1352890
1352917
1353104
1353125
1353226
1353255
1353318
1353340
1353352
1353492
1353678
1353724
1353864
1353899
1353974
1354141
1354149
1354183
1354263
1354337
1354447
1354457
1354472
1354497
1354517
1354527
1354548
1354566
1354579
1354615
1354637
1354643
1354671
1354704
1354728
1354883
1355116
1355295
1355390
1355445
1355451
1355455
1355491
1355536
1355541
1355565
1355584
1355792
1355815
1355838
1355940
1355942
1355958
1356012
1356040
1356046
1356050
1356142
1356148
1356153
1356205
1356237
1356257
1356278
1356288
1356309
1356314
1356346
1356352
1356441
1356443
1356554
1356586
1356597
1356621
1356665
1356677
1356700
1356811
1356821
1356830
1356838
1356863
1356888
1356945
1356947
1356953
1356968
1357017
1357056
1357083
1357137
1357139
1357176
1357277
1357396
1357405
1357423
1357469
1357480
1357512
1357528
1357539
1357540
1357557
1357642
1357666
1357670
1357677
1357704
1357742
1357784
1357788
1357797
1357805
1357814
1357825
1357901
1357919
1357926
1357946
1357960
1357971
1358034
1358064
1358072
1358217
1358219
1358268
1358382
1358438
1358498
1358523
1358531
1358532
1358568
1358575
1358612
1358628
1358658
1358676
1358710
1358711
1358722
1358796
1358819
1358840
1358924
1358958
1358999
1359005
1359012
1359021
1359027
1359067
1359086
1359098
1359141
1359153
1359232
1359359
1359407
1359523
1359570
1359777
1359796
1359906
1359922
1359941
1360032
1360089
1360108
1360119
1360122
1360181
1360246
1360266
1360295
1360371
1360412
1360473
1360490
1360525
1360567
1360578
1360588
1360602
1360617
1360637
1360641
1360654
1360684
1360699
1360752
1360769
1360775
1360804
1360813
1360844
1360899
1360965
1360985
1360992
1361009
1361066
1361071
1361194
1361221
1361251
1361283
1361292
1361295
1361345
1361396
1361586
1361593
1361639
1361717
1361825
1361891
1362024
1362047
1362132
1362168
1362211
1362332
1362346
1362418
1362500
1362502
1362510
1362531
1362534
1362551
1362651
1362694
1362718
1362750
1362751
1362807
1362877
1362887
1362891
1362969
1362985
1362992
1363015
1363050
1363082
1363116
1363120
1363126
1363144
1363167
1363289
1363375
1363496
1363576
1363634
1363642
1363662
1363859
1364007
1364115
1364160
1364370
1364382
1364498
1364555
1364637
1364691
1364773
1364793
1364809
1364867
1364876
1365019
1365028
1365038
1365048
1365059
1365061
1365069
1365096
1365100
1365348
1365398
1365440
1365448
1365458
1365472
1365485
1365522
1365554
1365576
1365605
1365606
1365634
1365657
1365663
1365681
1365715
1365762
1365841
1365848
1365928
1365952
1366087
1366395
1366426
1366496
1366654
1366967
1366977
1366979
1367013
1367198
1367238
1367249
1367282
1367284
1367302
1367312
1367372
1367471
1367497
1367504
1367591
1367679
1367696
1367708
1367757
1367783
1367833
1367882
1367903
1367928
1368087
1368133
1368151
1368166
1368181
1368242
1368274
1368388
1368401
1368501
1368600
1368623
1368647
1368727
1368749
1368763
1368769
1368789
1368839
1368846
1368906
1368940
1368942
1368993
1369011
1369036
1369080
1369145
1369258
1369292
1369293
1369446
1369479
1369498
1369651
1369733
1369804
1369831
1369839
1370015
1370026
1370039
1370061
1370070
1370224
1370270
1370296
1370305
1370327
1370368
1370429
1370518
1370532
1370577
1370590
1370595
1370601
1370609
1370611
1370668
1370671
1370864
1370896
1370939
1371004
1371033
1371094
1371136
1371175
1371197
1371321
1371339
1371371
1371465
1371542
1371569
1371587
1371592
1371618
1371621
1371626
1371657
1371730
1371799
1371822
1371863
1371901
1371914
1371949
1371955
1371976
1371990
1371991
1372005
1372042
1372150
1372170
1372174
1372192
1372223
1372239
1372261
1372332
1372355
1372384
1372399
1372407
1372412
1372423
1372427
1372501
1372503
1372536
1372604
1372614
1372623
1372627
1372649
1372688
1372707
1372720
1372750
1372796
1372875
1372918
1372921
1372936
1372955
1372987
1373022
1373060
1373062
1373087
1373178
1373217
1373264
1373269
1373289
1373323
1373336
1373338
1373349
1373355
1373384
1373410
1373497
1373539
1373554
1373564
1373628
1373643
1373725
1373736
1373792
1373806
1373808
1374000
1374228
1374244
1374315
1374437
1374440
1374552
1374562
1374748
1374809
1374843
1374844
1374865
1374894
1374910
1374911
1374937
1374964
1375028
1375059
1375081
1375126
1375189
1375192
1375206
1375236
1375242
1375260
1375316
1375337
1375341
1375355
1375411
1375422
1375487
1375489
1375516
1375585
1375586
1375593
1375633
1375646
1375673
1375695
1375726
1375746
1375772
1375815
1375839
1375845
1375857
1375877
1375892
1375913
1375957
1375996
1376021
1376030
1376031
1376040
1376043
1376050
1376085
1376130
1376257
1376320
1376357
1376363
1376384
1376396
1376406
1376409
1376411
1376470
1376475
1376541
1376547
1376607
1376611
1376628
1376660
1376685
1376713
1376715
1376724
1376727
1376754
1376841
1376888
1376900
1376927
1377077
1377092
1377163
1377197
1377312
1377468
1377509
1377657
1377670
1377884
1378070
1378078
1378134
1378155
1378157
1378178
1378201
1378244
1378259
1378388
1378397
1378416
1378499
1378541
1378557
1378558
1378589
1378609
1378614
1378654
1378668
1378714
1378742
1378816
1378818
1378849
1378872
1378887
1378940
1378962
1378997
1379013
1379038
1379050
1379073
1379095
1379101
1379110
1379297
1379507
1379541
1379553
1379554
1379593
1379614
1379617
1379628
1379698
1379807
1379811
1379861
1379899
1379942
1379976
1379997
1380039
1380054
1380063
1380084
1380217
1380232
1380248
1380301
1380341
1380484
1380501
1380516
1380522
1380624
1380635
1380657
1380658
1380769
1380772
1380857
1381096
1381141
1381285
1381435
1381453
1381475
1381478
1381609
1381629
1381752
1381899
1381921
1381933
1381993
1382035
1382044
1382062
1382073
1382175
1382295
1382361
1382363
1382424
1382430
1382437
1382627
1382642
1382702
1382737
1382739
1382859
1383040
1383157
1383169
1383237
1383349
1383359
1383434
1383437
1383516
1383544
1383691
1383703
1383775
1383841
1383891
1383904
1383907
1383921
1383931
1383954
1383976
1384046
1384058
1384064
1384075
1384076
1384145
1384297
1384355
1384492
1384636
1384638
1384761
1384900
1384930
1384933
1385127
1385188
1385301
1385393
1385429
1385468
1385521
1385606
1385640
1385800
1385975
1386068
1386097
1386106
1386127
1386207
1386439
1386614
1386853
1386873
1386942
1387061
1387076
1387133
1387136
1387137
1387190
1387446
1387472
1387517
1387532
1387568
1387657
1387811
1387831
1387913
1387985
1388011
1388055
1388089
1388120
1388177
1388252
1388259
1388345
1388369
1388410
1388722
1388784
1388813
1388865
1389019
1389096
1389169
1389174
1389227
1389244
1389451
1389496
1389532
1389622
1389789
1389955
1390022
1390150
1390203
1390269
1390554
1390636
1390653
1391061
1391164
1391749
1391777
1392048
1392229
1392301
1392330
1392336
1392405
1392410
1392412
1392475
1392591
1392680
1392926
1393106
1393114
1393121
1393171
1393193
1393463
1393486
1393491
1393537
1393616
1393716
1393746
1393879
1394003
1394004
1394091
1394134
1394143
1394285
1394585
1394597
1395000
1395005
1395009
1395010
1395011
1395012
1395013
1395014
1395016
1395018
1395020
1395021
1395023
1395024
1395025
1395027
1395028
1395030
1395035
1395039
1395041
1395043
1395044
1395048
1395049
1395050
1395051
1395052
1395053
1395054
1395055
1395056
1395057
1395058
1395059
1395060
1395061
1395062
1395063
1395064
1395065
1395066
1395067
1395068
1395069
1395070
1395071
1395072
1395073
1395074
1395075
1395076
1395077
1395078
1395079
1395081
1395082
1395083
1395084
1395085
1395086
1395087
1395088
1395089
1395090
1395091
1395092
1395093
1395094
1395095
1395096
1395097
1395098
1395099
1395100
1395101
1395102
1395104
1395106
1395107
1395108
1395110
1395112
1395115
1395116
1395117
1395118
1395119
1395120
1395121
1395123
1395124
1395125
1395126
1395127
1395128
1395129
1395131
1395132
1395133
1395134
1395135
1395137
1395138
1395139
1395140
1395141
1395142
1395143
1395144
1395145
1395146
1395147
1395148
1395149
1395150
1395151
1395152
1395153
1395154
1395155
1395156
1395157
1395158
1395159
1395160
1395161
1395162
1395163
1395164
1395165
1395166
1395167
1395168
1395169
1395170
1395171
1395172
1395173
1395174
1395175
1395176
1395178
1395179
1395180
1395181
1395182
1395183
1395184
1395185
1395186
1395187
1395188
1395189
1395190
1395191
1395192
1395193
1395194
1395195
1395196
1395197
1395198
1395199
1395200
1395201
1395202
1395203
1395204
1395205
1395206
1395207
1395208
1395209
1395210
1395211
1395212
1395213
1395214
1395215
1395216
1395217
1395218
1395219
1395220
1395221
1395222
1395223
1395224
1395225
1395226
1395227
1395228
1395229
1395230
1395231
1395232
1395233
1395234
1395235
1395236
1395237
1395238
1395239
1395240
1395241
1395242
1395243
1395244
1395245
1395246
1395247
1395248
1395249
1395250
1395251
1395252
1395253
1395254
1395255
1395256
1395257
1395258
1395259
1395260
1395261
1395262
1395263
1395264
1395265
1395266
1395267
1395268
1395269
1395270
1395271
1395272
1395273
1395274
1395275
1395276
1395277
1395278
1395279
1395280
1395281
1395283
1395284
1395285
1395286
1395287
1395288
1395289
1395290
1395291
1395292
1395293
1395294
1395295
1395296
1395297
1395298
1395299
1395300
1395301
1395302
1395303
1395304
1395305
1395306
1395307
1395308
1395309
1395310
1395311
1395312
1395313
1395314
1395315
1395316
1395317
1395318
1395319
1395320
1395321
1395322
1395324
1395326
1395329
1395330
1395332
1395335
1395336
1395338
1395339
1395341
1395342
1395343
1395345
1395346
1395348
1395350
1395351
1395352
1395353
1395354
1395355
1395356
1395357
1395358
1395360
1395361
1395362
1395363
1395364
1395365
1395366
1395367
1395368
1395369
1395370
1395371
1395372
1395373
1395374
1395375
1395376
1395377
1395378
1395380
1395381
1395384
1395385
1395388
1395392
1395394
1395396
1395397
1395399
1395401
1395402
1395403
1395404
1395405
1395406
1395407
1395408
1395409
1395410
1395411
1395412
1395413
1395414
1395415
1395416
1395417
1395418
1395419
1395420
1395421
1395422
1395423
1395424
1395425
1395426
1395427
1395428
1395429
1395430
1395431
1395432
1395433
1395434
1395435
1395436
1395437
1395438
1395439
1395440
1395441
1395442
1395443
1395444
1395445
1395446
1395447
1395448
1395449
1395450
1395452
1395453
1395454
1395455
1395456
1395457
1395458
1395459
1395460
1395461
1395462
1395463
1395464
1395465
1395466
1395467
1395469
1395470
1395471
1395472
1395473
1395474
1395475
1395476
1395477
1395479
1395481
1395482
1395483
1395484
1395485
1395486
1395487
1395488
1395489
1395490
1395491
1395492
1395493
1395494
1395495
1395496
1395497
1395499
1395500
1395502
1395503
1395504
1395505
1395506
1395507
1395508
1395510
1395511
1395512
1395513
1395514
1395515
1395516
1395517
1395518
1395519
1395520
1395521
1395522
1395523
1395524
1395525
1395526
1395527
1395528
1395529
1395530
1395531
1395532
1395533
1395535
1395536
1395537
1395538
1395539
1395540
1395541
1395542
1395544
1395545
1395546
1395547
1395548
1395549
1395550
1395551
1395552
1395553
1395555
1395556
1395557
1395558
1395559
1395560
1395561
1395562
1395563
1395564
1395565
1395566
1395567
1395568
1395569
1395570
1395571
1395572
1395573
1395574
1395575
1395576
1395577
1395578
1395579
1395580
1395581
1395582
1395583
1395584
1395585
1395586
1395587
1395588
1395589
1395590
1395591
1395592
1395593
1395594
1395595
1395596
1395597
1395598
1395599
1395600
1395601
1395602
1395603
1395604
1395605
1395606
1395607
1398000
1398001
1398002
1398003
1398004
1398005
1398006
1398007
1398008
1398009
1398010
1398011
1398012
1398013
1398014
1398015
1398016
1398017
1398018
1398019
1398020
1398021
1398022
1398023
1398024
1398025
1398026
1398027
1398028
1398029
1398030
1398031
1398032
1398033
1398034
1398035
1398036
1398037
1398038
1398039
1398040
1398041
1398042
1398043
1398044
1398045
1398046
1398047
1398048
1398049
1398050
1398051
1398052
1398053
1398054
1398055
1398056
1398057
1398058
1398059
1398060
1398061
1398062
1398063
1398064
1398065
1398066
1398067
1398068
1398069
1398070
1398071
1398072
1398073
1398074
1398075
1398076
1398077
1398078
1398079
1398080
1398081
1398082
1398083
1398084
1398085
1398086
1398087
1398088
1398089
1398090
1398091
1398092
1398093
1398094
1398095
1398096
1398097
1398098
1398099
1398100
1398101
1398102
1398103
1398104
1398105
1398106
1398107
1398108
1398109
1398110
1398111
1398112
1398113
1398114
1398115
1398116
1398117
1398118
1398119
1398120
1398121
1398122
1398123
1398124
1398125
1398126
1398127
1398128
1398129
1398130
1398131
1398132
1398133
1398134
1398135
1398136
1398137
1398138
1398139
1398140
1398141
1398142
1398143
1398144
1398145
1398146
1398147
1398148
1398149
1398150
1398151
1398152
1398153
1398154
1398155
1398156
1398157
1398158
1398159
1398160
1398161
1398162
1398163
1398164
1398165
1398166
1398167
1398168
1398169
1398170
1398171
1398172
1398173
1398174
1398175
1398176
1398177
1398178
1398179
1398180
1398181
1398182
1398183
1398184
1398185
1398186
1398187
1398188
1398189
1398190
1398191
1398192
1398193
1398194
1398195
1398196
1398197
1398198
1398199
1398200
1398201
1398202
1398203
1398204
1398205
1398206
1398207
1398208
1398209
1398210
1398211
1398212
1398213
1398214
1398215
1398216
1398217
1398218
1398219
1398220
1398221
1398222
1398223
1398224
1398225
1398226
1398227
1398228
1398229
1398230
1398231
1398232
1398233
1398234
1398235
1398236
1398237
1398238
1398239
1398240
1398241
1398242
1398243
1398244
1398245
1398246
1398247
1398248
1398249
1398250
1398251
1398252
1398253
1398254
1398255
1398256
1398257
1398258
1398259
1398260
1398261
1398262
1398263
1398264
1398265
1398266
1398267
1398268
1398269
1398270
1398271
1398272
1398273
1398274
1398275
1398276
1398277
1398278
1398279
1398280
1398281
1398282
1398283
1398284
1398285
1398286
1398287
1398288
1398289
1398290
1398291
1398292
1398293
1398294
1398295
1398296
1398297
1398298
1398299
1398300
1398301
1398302
1398303
1398304
1398305
1398306
1398307
1398308
1398309
1398310
1398311
1398312
1398313
1398314
1398315
1398316
1398317
1398318
1398319
1398320
1398321
1398322
1398323
1398324